277
653
669
108
752
838
35
663
123
157
720
245
54
864
721
620
238
597
4
314
431
565
522
858
462
902
292
973
203
469
513
480
841
901
588
595
740
342
259
582
500
980
827
273
845
549
612
802
865
616
117
297
900
640
156
363
262
167
338
184
355
851
664
198
472
972
793
213
315
771
514
534
752
342
526
317
610
139
838
476
755
956
773
657
316
648
739
297
816
78
481
890
648
864
89
121
837
601
53
872
374
567
407
845
628
934
882
239
792
721
715
268
678
489
644
713
139
384
11
674
463
492
565
830
358
374
952
914
975
724
787
69
12
196
915
640
849
517
599
642
239
315
910
637
524
555
70
382
940
82
57
123
293
341
953
370
715
625
286
692
70
74
480
800
988
115
441
557
632
759
201
591
794
830
229
319
387
18
701
47
100
477
888
113
818
842
483
254
469
769
665
258
563
146
59
271
262
219
829
613
979
749
205
774
580
153
812
686
172
514
452
990
710
341
104
248
185
588
221
373
77
886
631
359
752
409
631
15
628
180
628
608
929
553
102
229
706
914
916
878
148
369
589
577
430
693
826
615
1
48
707
797
654
58
157
407
467
507
422
814
687
769
143
336
323
245
566
749
161
202
347
28
571
936
606
2
350
433
336
351
200
762
149
854
539
26
980
725
533
122
541
940
892
684
995
934
929
562
403
809
483
751
557
56
407
164
776
757
316
832
828
235
314
696
809
854
722
790
580
975
913
122
635
806
525
631
460
175
913
864
703
397
335
261
172
742
425
668
220
460
501
49
696
534
745
506
389
469
297
970
164
929
811
799
455
57
150
916
232
782
500
935
899
554
198
72
297
342
459
517
522
679
285
219
215
32
444
604
220
460
294
103
391
825
621
846
882
771
482
115
274
701
769
174
256
967
246
554
30
425
790
552
105
795
490
320
827
934
925
766
114
938
588
505
764
210
72
647
981
554
481
974
257
252
149
513
938
115
786
687
540
297
958
645
93
449
966
639
103
611
125
218
550
713
442
35
923
514
401
624
70
883
600
327
854
749
559
793
583
347
482
124
363
441
770
456
610
456
96
713
68
939
650
337
653
94
372
577
608
774
920
678
377
521
724
232
990
4
26
574
70
227
699
433
388
189
889
998
364
704
